437 0.697652 0.411744 0.089033 0.173212
49 0.793045 0.379434 0.101752 0.171843
165 0.884622 0.348336 0.081402 0.166850
6 0.974928 0.317763 0.099209 0.166205
71 0.408487 0.921137 0.080588 0.131170
68 0.468928 0.843549 0.069443 0.152603
13 0.525940 0.777536 0.068586 0.157747
72 0.588953 0.734241 0.071158 0.153460
116 0.651109 0.711522 0.066871 0.159462
61 0.711979 0.706378 0.061727 0.154318
6 0.770705 0.714951 0.067728 0.162891
8 0.817858 0.738528 0.069443 0.148316
43 0.868011 0.788681 0.063442 0.145744
