145 0.214759 0.105266 0.069443 0.081863
45 0.275200 0.105477 0.051439 0.080559
173 0.325353 0.105646 0.048867 0.079520
172 0.375506 0.105811 0.051439 0.078498
95 0.426945 0.105983 0.051439 0.077441
116 0.480957 0.106162 0.051439 0.076331
147 0.532396 0.106334 0.051439 0.075274
556 0.343357 0.213729 0.059155 0.084385
411 0.407656 0.212869 0.059155 0.080962
618 0.470669 0.212032 0.061727 0.077630
567 0.533682 0.211172 0.054011 0.074206
1000 0.214759 0.328630 0.059155 0.085917
1000 0.282916 0.325175 0.056583 0.085413
836 0.347215 0.321916 0.056583 0.084979
950 0.407656 0.318852 0.054011 0.084527
701 0.468097 0.315794 0.061727 0.084249
644 0.532396 0.312529 0.051439 0.083641
301 0.281630 0.428999 0.054011 0.081089
988 0.348501 0.426060 0.054011 0.081581
1000 0.410228 0.423344 0.059155 0.082110
618 0.474527 0.420525 0.048867 0.082432
567 0.536254 0.417810 0.054011 0.082961
